ISS (ZARYA)
1 25544U 98067A   26085.50000000  .00016717  00000+0  10270-3 0  9001
2 25544  51.6393 210.1830 0001234  45.6789 314.3210 15.49925012456789
STARLINK-1007
1 44713U 19074A   26085.50000000  .00001000  00000+0  50000-4 0  9990
2 44713  53.0510 120.5678 0001234  90.0000 270.0000 15.05783000 10000
COSMOS 2251 DEB
1 34454U 93036SX  26085.50000000  .00000200  00000+0  30000-4 0  9990
2 34454  74.0503  55.2340 0150000 200.0000 160.0000 14.32345678 10000
FENGYUN 1C DEB
1 29726U 99025BMJ 26085.50000000  .00000300  00000+0  40000-4 0  9990
2 29726  99.1200 300.4500 0100000  50.0000 310.0000 14.41234567 10000
STARLINK-1020
1 44725U 19074M   26085.50000000  .00001200  00000+0  55000-4 0  9990
2 44725  53.0510 122.0000 0001500  85.0000 275.0000 15.05800000 10000
STARLINK-1032
1 44736U 19074X   26085.50000000  .00001100  00000+0  52000-4 0  9990
2 44736  53.0500 118.5000 0001300  92.0000 268.0000 15.05780000 10000
IRIDIUM 33 DEB
1 33775U 97051QF  26085.50000000  .00000100  00000+0  25000-4 0  9990
2 33775  86.3800  40.5600 0200000 180.0000 180.0000 14.25678901 10000
NOAA 19
1 33591U 09005A   26085.50000000  .00000100  00000+0  80000-5 0  9990
2 33591  99.1900 100.2000 0014000 120.0000 240.0000 14.12345678 10000
SENTINEL-6A
1 46984U 20084A   26085.50000000  .00000050  00000+0  20000-5 0  9990
2 46984  66.0400  45.0000 0001000  90.0000 270.0000 12.80000000 10000
COSMOS 2251
1 22675U 93036A   26085.50000000  .00000500  00000+0  60000-4 0  9990
2 22675  74.0400  55.0000 0020000 200.0000 160.0000 14.33456789 10000
